10
[ 14563787.000000 64401435.000000 11643024.000000 7581626.000000 943181.000000 39294832.000000 7589971.000000 33443805.000000 6252983.000000 3686009.000000 ]
[ 29383461.000000 42754670.000000 50070319.000000 24274051.000000 51113951.000000 44590081.000000 52594916.000000 50935599.000000 26653102.000000 65328631.000000 ]
[ 46237780.000000 34443052.000000 51288319.000000 58035708.000000 37090740.000000 35902143.000000 48667108.000000 13523625.000000 8294255.000000 35089420.000000 ]
[ 23648146.000000 55627206.000000 7204688.000000 61116640.000000 18245497.000000 65934682.000000 37155407.000000 62133135.000000 6037512.000000 15791650.000000 ]
[ 30436082.000000 64237578.000000 53627088.000000 34434227.000000 61353631.000000 60479012.000000 432911.000000 17850205.000000 35596260.000000 57228007.000000 ]
[ 63970889.000000 13447272.000000 13005537.000000 63237479.000000 28108506.000000 51902132.000000 20809873.000000 30202201.000000 53561346.000000 19157802.000000 ]
[ 49193622.000000 62336157.000000 39410208.000000 43950949.000000 18615219.000000 30442887.000000 18372142.000000 53054489.000000 34069085.000000 48506461.000000 ]
[ 7884627.000000 39933127.000000 44277864.000000 41508567.000000 38300322.000000 36483974.000000 36385120.000000 38776002.000000 49344873.000000 52639230.000000 ]
[ 44354325.000000 35893352.000000 41668824.000000 20514672.000000 38120485.000000 50154313.000000 63596864.000000 25019897.000000 33599254.000000 21922498.000000 ]
[ 63254267.000000 1400635.000000 55965936.000000 30804987.000000 18378282.000000 18853022.000000 26380898.000000 51771263.000000 62443765.000000 63733880.000000 ]
