10
[ 25438111.000000 45309783.000000 56480316.000000 46948595.000000 6363901.000000 39112021.000000 40942315.000000 23195959.000000 11569974.000000 33312255.000000 ]
[ 9268172.000000 52422804.000000 43553660.000000 42626638.000000 36167428.000000 13409597.000000 30555423.000000 58745866.000000 61843673.000000 32196397.000000 ]
[ 24351540.000000 40431297.000000 64191546.000000 65334031.000000 5967924.000000 33391946.000000 36077942.000000 27592198.000000 64429836.000000 51605505.000000 ]
[ 60858019.000000 22759089.000000 29806429.000000 50229476.000000 2598665.000000 36170330.000000 22232479.000000 43540820.000000 59366129.000000 33802453.000000 ]
[ 9744216.000000 1525282.000000 19116398.000000 53297716.000000 44151920.000000 55283667.000000 66707154.000000 7598325.000000 46920514.000000 61441808.000000 ]
[ 39794562.000000 4163195.000000 34764246.000000 36877089.000000 2388207.000000 40732171.000000 3160177.000000 38466150.000000 1215350.000000 480994.000000 ]
[ 22962796.000000 62073209.000000 23240083.000000 52769065.000000 45193667.000000 25838588.000000 21830536.000000 317287.000000 2270389.000000 14087646.000000 ]
[ 34119740.000000 12014605.000000 15612929.000000 53235978.000000 65312162.000000 59764689.000000 41410626.000000 64910457.000000 253995.000000 21222281.000000 ]
[ 59243246.000000 40048557.000000 25385477.000000 26898634.000000 9816628.000000 27773684.000000 521786.000000 12976805.000000 66239674.000000 1737136.000000 ]
[ 13457799.000000 22093611.000000 63810186.000000 36697723.000000 7753817.000000 41894994.000000 62536311.000000 29584193.000000 42212281.000000 64806701.000000 ]
