10
[ 3893311.000000 24427124.000000 57579801.000000 12343826.000000 16454108.000000 59310408.000000 20632655.000000 9257869.000000 4194537.000000 56019209.000000 ]
[ 27438191.000000 13382507.000000 14953278.000000 12482153.000000 57396864.000000 30409038.000000 25892983.000000 47680411.000000 11459931.000000 19495085.000000 ]
[ 10937240.000000 8714633.000000 8852245.000000 41501784.000000 28833321.000000 51854748.000000 59142188.000000 38410981.000000 52902145.000000 16641988.000000 ]
[ 65240720.000000 56795296.000000 41069112.000000 55711502.000000 2030103.000000 57523060.000000 47913051.000000 22662759.000000 66780769.000000 52107588.000000 ]
[ 11572949.000000 27110102.000000 65489935.000000 26526228.000000 39592255.000000 55777780.000000 56935106.000000 65485239.000000 36349173.000000 1286179.000000 ]
[ 17871305.000000 47286413.000000 10000652.000000 26723550.000000 21679178.000000 38833973.000000 11469440.000000 13712348.000000 10136096.000000 64371425.000000 ]
[ 30354176.000000 8267957.000000 54057703.000000 4314269.000000 63979459.000000 56087806.000000 61837330.000000 44783651.000000 11641546.000000 61509240.000000 ]
[ 29782220.000000 23214496.000000 21510483.000000 28163137.000000 49740724.000000 61102579.000000 16832058.000000 39566811.000000 59478959.000000 53181231.000000 ]
[ 40852830.000000 10241405.000000 33358626.000000 50853483.000000 36964956.000000 55037644.000000 22578597.000000 48434236.000000 1641133.000000 32714693.000000 ]
[ 45696642.000000 31995149.000000 40982490.000000 32645486.000000 36309419.000000 37852930.000000 21624274.000000 31037890.000000 15527722.000000 33265820.000000 ]
